2021/09/27-10:50:11.494627 7f69570b6c80 RocksDB version: 6.17.3
2021/09/27-10:50:11.494768 7f69570b6c80 Git sha rocksdb_build_git_sha:@09c7e96eac1ab983f97ce9e0406730b8014b3398@
2021/09/27-10:50:11.494775 7f69570b6c80 Compile date Aug 11 2021
2021/09/27-10:50:11.494922 7f69570b6c80 DB SUMMARY
2021/09/27-10:50:11.494933 7f69570b6c80 DB Session ID:  7EMMXYM99NPJGPA6F8PS
2021/09/27-10:50:11.495010 7f69570b6c80 SST files in test-ledger/rocksdb dir, Total Num: 0, files: 
2021/09/27-10:50:11.495018 7f69570b6c80 Write Ahead Log file in test-ledger/rocksdb: 
2021/09/27-10:50:11.495023 7f69570b6c80                         Options.error_if_exists: 0
2021/09/27-10:50:11.495027 7f69570b6c80                       Options.create_if_missing: 1
2021/09/27-10:50:11.495030 7f69570b6c80                         Options.paranoid_checks: 1
2021/09/27-10:50:11.495033 7f69570b6c80                               Options.track_and_verify_wals_in_manifest: 0
2021/09/27-10:50:11.495037 7f69570b6c80                                     Options.env: 0x5571540b7280
2021/09/27-10:50:11.495041 7f69570b6c80                                      Options.fs: Posix File System
2021/09/27-10:50:11.495044 7f69570b6c80                                Options.info_log: 0x557154805450
2021/09/27-10:50:11.495048 7f69570b6c80                Options.max_file_opening_threads: 16
2021/09/27-10:50:11.495051 7f69570b6c80                              Options.statistics: (nil)
2021/09/27-10:50:11.495055 7f69570b6c80                               Options.use_fsync: 0
2021/09/27-10:50:11.495058 7f69570b6c80                       Options.max_log_file_size: 0
2021/09/27-10:50:11.495061 7f69570b6c80                  Options.max_manifest_file_size: 1073741824
2021/09/27-10:50:11.495065 7f69570b6c80                   Options.log_file_time_to_roll: 0
2021/09/27-10:50:11.495068 7f69570b6c80                       Options.keep_log_file_num: 1000
2021/09/27-10:50:11.495071 7f69570b6c80                    Options.recycle_log_file_num: 0
2021/09/27-10:50:11.495074 7f69570b6c80                         Options.allow_fallocate: 1
2021/09/27-10:50:11.495078 7f69570b6c80                        Options.allow_mmap_reads: 0
2021/09/27-10:50:11.495081 7f69570b6c80                       Options.allow_mmap_writes: 0
2021/09/27-10:50:11.495084 7f69570b6c80                        Options.use_direct_reads: 0
2021/09/27-10:50:11.495087 7f69570b6c80                        Options.use_direct_io_for_flush_and_compaction: 0
2021/09/27-10:50:11.495090 7f69570b6c80          Options.create_missing_column_families: 1
2021/09/27-10:50:11.495094 7f69570b6c80                              Options.db_log_dir: 
2021/09/27-10:50:11.495097 7f69570b6c80                                 Options.wal_dir: test-ledger/rocksdb
2021/09/27-10:50:11.495100 7f69570b6c80                Options.table_cache_numshardbits: 6
2021/09/27-10:50:11.495103 7f69570b6c80                         Options.WAL_ttl_seconds: 0
2021/09/27-10:50:11.495106 7f69570b6c80                       Options.WAL_size_limit_MB: 0
2021/09/27-10:50:11.495110 7f69570b6c80                        Options.max_write_batch_group_size_bytes: 1048576
2021/09/27-10:50:11.495113 7f69570b6c80             Options.manifest_preallocation_size: 4194304
2021/09/27-10:50:11.495117 7f69570b6c80                     Options.is_fd_close_on_exec: 1
2021/09/27-10:50:11.495120 7f69570b6c80                   Options.advise_random_on_open: 1
2021/09/27-10:50:11.495123 7f69570b6c80                    Options.db_write_buffer_size: 0
2021/09/27-10:50:11.495126 7f69570b6c80                    Options.write_buffer_manager: 0x55715483e270
2021/09/27-10:50:11.495129 7f69570b6c80         Options.access_hint_on_compaction_start: 1
2021/09/27-10:50:11.495133 7f69570b6c80  Options.new_table_reader_for_compaction_inputs: 0
2021/09/27-10:50:11.495136 7f69570b6c80           Options.random_access_max_buffer_size: 1048576
2021/09/27-10:50:11.495139 7f69570b6c80                      Options.use_adaptive_mutex: 0
2021/09/27-10:50:11.495142 7f69570b6c80                            Options.rate_limiter: (nil)
2021/09/27-10:50:11.495146 7f69570b6c80     Options.sst_file_manager.rate_bytes_per_sec: 0
2021/09/27-10:50:11.495182 7f69570b6c80                       Options.wal_recovery_mode: 2
2021/09/27-10:50:11.495186 7f69570b6c80                  Options.enable_thread_tracking: 0
2021/09/27-10:50:11.495189 7f69570b6c80                  Options.enable_pipelined_write: 0
2021/09/27-10:50:11.495192 7f69570b6c80                  Options.unordered_write: 0
2021/09/27-10:50:11.495195 7f69570b6c80         Options.allow_concurrent_memtable_write: 1
2021/09/27-10:50:11.495198 7f69570b6c80      Options.enable_write_thread_adaptive_yield: 1
2021/09/27-10:50:11.495201 7f69570b6c80             Options.write_thread_max_yield_usec: 100
2021/09/27-10:50:11.495205 7f69570b6c80            Options.write_thread_slow_yield_usec: 3
2021/09/27-10:50:11.495208 7f69570b6c80                               Options.row_cache: None
2021/09/27-10:50:11.495211 7f69570b6c80                              Options.wal_filter: None
2021/09/27-10:50:11.495215 7f69570b6c80             Options.avoid_flush_during_recovery: 0
2021/09/27-10:50:11.495218 7f69570b6c80             Options.allow_ingest_behind: 0
2021/09/27-10:50:11.495221 7f69570b6c80             Options.preserve_deletes: 0
2021/09/27-10:50:11.495225 7f69570b6c80             Options.two_write_queues: 0
2021/09/27-10:50:11.495228 7f69570b6c80             Options.manual_wal_flush: 0
2021/09/27-10:50:11.495231 7f69570b6c80             Options.atomic_flush: 0
2021/09/27-10:50:11.495234 7f69570b6c80             Options.avoid_unnecessary_blocking_io: 0
2021/09/27-10:50:11.495237 7f69570b6c80                 Options.persist_stats_to_disk: 0
2021/09/27-10:50:11.495240 7f69570b6c80                 Options.write_dbid_to_manifest: 0
2021/09/27-10:50:11.495243 7f69570b6c80                 Options.log_readahead_size: 0
2021/09/27-10:50:11.495247 7f69570b6c80                 Options.file_checksum_gen_factory: Unknown
2021/09/27-10:50:11.495250 7f69570b6c80                 Options.best_efforts_recovery: 0
2021/09/27-10:50:11.495253 7f69570b6c80                Options.max_bgerror_resume_count: 2147483647
2021/09/27-10:50:11.495257 7f69570b6c80            Options.bgerror_resume_retry_interval: 1000000
2021/09/27-10:50:11.495260 7f69570b6c80             Options.allow_data_in_errors: 0
2021/09/27-10:50:11.495263 7f69570b6c80             Options.db_host_id: __hostname__
2021/09/27-10:50:11.495266 7f69570b6c80             Options.max_background_jobs: 8
2021/09/27-10:50:11.495270 7f69570b6c80             Options.max_background_compactions: -1
2021/09/27-10:50:11.495273 7f69570b6c80             Options.max_subcompactions: 1
2021/09/27-10:50:11.495276 7f69570b6c80             Options.avoid_flush_during_shutdown: 0
2021/09/27-10:50:11.495279 7f69570b6c80           Options.writable_file_max_buffer_size: 1048576
2021/09/27-10:50:11.495283 7f69570b6c80             Options.delayed_write_rate : 16777216
2021/09/27-10:50:11.495286 7f69570b6c80             Options.max_total_wal_size: 4294967296
2021/09/27-10:50:11.495289 7f69570b6c80             Options.delete_obsolete_files_period_micros: 21600000000
2021/09/27-10:50:11.495293 7f69570b6c80                   Options.stats_dump_period_sec: 600
2021/09/27-10:50:11.495296 7f69570b6c80                 Options.stats_persist_period_sec: 600
2021/09/27-10:50:11.495299 7f69570b6c80                 Options.stats_history_buffer_size: 1048576
2021/09/27-10:50:11.495303 7f69570b6c80                          Options.max_open_files: -1
2021/09/27-10:50:11.495306 7f69570b6c80                          Options.bytes_per_sync: 0
2021/09/27-10:50:11.495309 7f69570b6c80                      Options.wal_bytes_per_sync: 0
2021/09/27-10:50:11.495312 7f69570b6c80                   Options.strict_bytes_per_sync: 0
2021/09/27-10:50:11.495315 7f69570b6c80       Options.compaction_readahead_size: 0
2021/09/27-10:50:11.495319 7f69570b6c80                  Options.max_background_flushes: -1
2021/09/27-10:50:11.495322 7f69570b6c80 Compression algorithms supported:
2021/09/27-10:50:11.495325 7f69570b6c80 	kZSTDNotFinalCompression supported: 0
2021/09/27-10:50:11.495329 7f69570b6c80 	kZSTD supported: 0
2021/09/27-10:50:11.495350 7f69570b6c80 	kXpressCompression supported: 0
2021/09/27-10:50:11.495354 7f69570b6c80 	kLZ4HCCompression supported: 1
2021/09/27-10:50:11.495358 7f69570b6c80 	kLZ4Compression supported: 1
2021/09/27-10:50:11.495361 7f69570b6c80 	kBZip2Compression supported: 0
2021/09/27-10:50:11.495365 7f69570b6c80 	kZlibCompression supported: 0
2021/09/27-10:50:11.495368 7f69570b6c80 	kSnappyCompression supported: 0
2021/09/27-10:50:11.495375 7f69570b6c80 Fast CRC32 supported: Supported on x86
2021/09/27-10:50:11.564566 7f69570b6c80 [db/db_impl/db_impl_open.cc:283] Creating manifest 1 
2021/09/27-10:50:11.666756 7f69570b6c80 [db/version_set.cc:4757] Recovering from manifest file: test-ledger/rocksdb/MANIFEST-000001
2021/09/27-10:50:11.667287 7f69570b6c80 [db/column_family.cc:597] --------------- Options for column family [default]:
2021/09/27-10:50:11.667298 7f69570b6c80               Options.comparator: leveldb.BytewiseComparator
2021/09/27-10:50:11.667302 7f69570b6c80           Options.merge_operator: None
2021/09/27-10:50:11.667306 7f69570b6c80        Options.compaction_filter: None
2021/09/27-10:50:11.667309 7f69570b6c80        Options.compaction_filter_factory: None
2021/09/27-10:50:11.667313 7f69570b6c80  Options.sst_partitioner_factory: None
2021/09/27-10:50:11.667316 7f69570b6c80         Options.memtable_factory: SkipListFactory
2021/09/27-10:50:11.667319 7f69570b6c80            Options.table_factory: BlockBasedTable
2021/09/27-10:50:11.667417 7f69570b6c80            table_factory options:   flush_block_policy_factory: FlushBlockBySizePolicyFactory (0x55715483b3c0)
  cache_index_and_filter_blocks: 0
  cache_index_and_filter_blocks_with_high_priority: 1
  pin_l0_filter_and_index_blocks_in_cache: 0
  pin_top_level_index_and_filter: 1
  index_type: 0
  data_block_index_type: 0
  index_shortening: 1
  data_block_hash_table_util_ratio: 0.750000
  hash_index_allow_collision: 1
  checksum: 1
  no_block_cache: 0
  block_cache: 0x55715483b410
  block_cache_name: LRUCache
  block_cache_options:
    capacity : 8388608
    num_shard_bits : 4
    strict_capacity_limit : 0
    memory_allocator : None
    high_pri_pool_ratio: 0.000
  block_cache_compressed: (nil)
  persistent_cache: (nil)
  block_size: 4096
  block_size_deviation: 10
  block_restart_interval: 16
  index_block_restart_interval: 1
  metadata_block_size: 4096
  partition_filters: 0
  use_delta_encoding: 1
  filter_policy: nullptr
  whole_key_filtering: 1
  verify_compression: 0
  read_amp_bytes_per_bit: 0
  format_version: 4
  enable_index_compression: 1
  block_align: 0
2021/09/27-10:50:11.667421 7f69570b6c80        Options.write_buffer_size: 67108864
2021/09/27-10:50:11.667425 7f69570b6c80  Options.max_write_buffer_number: 2
2021/09/27-10:50:11.667428 7f69570b6c80          Options.compression: NoCompression
2021/09/27-10:50:11.667432 7f69570b6c80                  Options.bottommost_compression: Disabled
2021/09/27-10:50:11.667435 7f69570b6c80       Options.prefix_extractor: nullptr
2021/09/27-10:50:11.667439 7f69570b6c80   Options.memtable_insert_with_hint_prefix_extractor: nullptr
2021/09/27-10:50:11.667442 7f69570b6c80             Options.num_levels: 7
2021/09/27-10:50:11.667445 7f69570b6c80        Options.min_write_buffer_number_to_merge: 1
2021/09/27-10:50:11.667448 7f69570b6c80     Options.max_write_buffer_number_to_maintain: 0
2021/09/27-10:50:11.667452 7f69570b6c80     Options.max_write_buffer_size_to_maintain: 0
2021/09/27-10:50:11.667455 7f69570b6c80            Options.bottommost_compression_opts.window_bits: -14
2021/09/27-10:50:11.667459 7f69570b6c80                  Options.bottommost_compression_opts.level: 32767
2021/09/27-10:50:11.667462 7f69570b6c80               Options.bottommost_compression_opts.strategy: 0
2021/09/27-10:50:11.667465 7f69570b6c80         Options.bottommost_compression_opts.max_dict_bytes: 0
2021/09/27-10:50:11.667468 7f69570b6c80         Options.bottommost_compression_opts.zstd_max_train_bytes: 0
2021/09/27-10:50:11.667472 7f69570b6c80         Options.bottommost_compression_opts.parallel_threads: 1
2021/09/27-10:50:11.667526 7f69570b6c80                  Options.bottommost_compression_opts.enabled: false
2021/09/27-10:50:11.667531 7f69570b6c80            Options.compression_opts.window_bits: -14
2021/09/27-10:50:11.667534 7f69570b6c80                  Options.compression_opts.level: 32767
2021/09/27-10:50:11.667538 7f69570b6c80               Options.compression_opts.strategy: 0
2021/09/27-10:50:11.667541 7f69570b6c80         Options.compression_opts.max_dict_bytes: 0
2021/09/27-10:50:11.667544 7f69570b6c80         Options.compression_opts.zstd_max_train_bytes: 0
2021/09/27-10:50:11.667547 7f69570b6c80         Options.compression_opts.parallel_threads: 1
2021/09/27-10:50:11.667551 7f69570b6c80                  Options.compression_opts.enabled: false
2021/09/27-10:50:11.667554 7f69570b6c80      Options.level0_file_num_compaction_trigger: 4
2021/09/27-10:50:11.667557 7f69570b6c80          Options.level0_slowdown_writes_trigger: 20
2021/09/27-10:50:11.667561 7f69570b6c80              Options.level0_stop_writes_trigger: 36
2021/09/27-10:50:11.667564 7f69570b6c80                   Options.target_file_size_base: 67108864
2021/09/27-10:50:11.667567 7f69570b6c80             Options.target_file_size_multiplier: 1
2021/09/27-10:50:11.667570 7f69570b6c80                Options.max_bytes_for_level_base: 268435456
2021/09/27-10:50:11.667574 7f69570b6c80 Options.level_compaction_dynamic_level_bytes: 0
2021/09/27-10:50:11.667577 7f69570b6c80          Options.max_bytes_for_level_multiplier: 10.000000
2021/09/27-10:50:11.667584 7f69570b6c80 Options.max_bytes_for_level_multiplier_addtl[0]: 1
2021/09/27-10:50:11.667587 7f69570b6c80 Options.max_bytes_for_level_multiplier_addtl[1]: 1
2021/09/27-10:50:11.667591 7f69570b6c80 Options.max_bytes_for_level_multiplier_addtl[2]: 1
2021/09/27-10:50:11.667594 7f69570b6c80 Options.max_bytes_for_level_multiplier_addtl[3]: 1
2021/09/27-10:50:11.667597 7f69570b6c80 Options.max_bytes_for_level_multiplier_addtl[4]: 1
2021/09/27-10:50:11.667601 7f69570b6c80 Options.max_bytes_for_level_multiplier_addtl[5]: 1
2021/09/27-10:50:11.667604 7f69570b6c80 Options.max_bytes_for_level_multiplier_addtl[6]: 1
2021/09/27-10:50:11.667607 7f69570b6c80       Options.max_sequential_skip_in_iterations: 8
2021/09/27-10:50:11.667610 7f69570b6c80                    Options.max_compaction_bytes: 1677721600
2021/09/27-10:50:11.667614 7f69570b6c80                        Options.arena_block_size: 8388608
2021/09/27-10:50:11.667617 7f69570b6c80   Options.soft_pending_compaction_bytes_limit: 68719476736
2021/09/27-10:50:11.667620 7f69570b6c80   Options.hard_pending_compaction_bytes_limit: 274877906944
2021/09/27-10:50:11.667623 7f69570b6c80       Options.rate_limit_delay_max_milliseconds: 100
2021/09/27-10:50:11.667627 7f69570b6c80                Options.disable_auto_compactions: 0
2021/09/27-10:50:11.667632 7f69570b6c80                        Options.compaction_style: kCompactionStyleLevel
2021/09/27-10:50:11.667636 7f69570b6c80                          Options.compaction_pri: kMinOverlappingRatio
2021/09/27-10:50:11.667639 7f69570b6c80 Options.compaction_options_universal.size_ratio: 1
2021/09/27-10:50:11.667642 7f69570b6c80 Options.compaction_options_universal.min_merge_width: 2
2021/09/27-10:50:11.667645 7f69570b6c80 Options.compaction_options_universal.max_merge_width: 4294967295
2021/09/27-10:50:11.667649 7f69570b6c80 Options.compaction_options_universal.max_size_amplification_percent: 200
2021/09/27-10:50:11.667652 7f69570b6c80 Options.compaction_options_universal.compression_size_percent: -1
2021/09/27-10:50:11.667656 7f69570b6c80 Options.compaction_options_universal.stop_style: kCompactionStopStyleTotalSize
2021/09/27-10:50:11.667660 7f69570b6c80 Options.compaction_options_fifo.max_table_files_size: 1073741824
2021/09/27-10:50:11.667663 7f69570b6c80 Options.compaction_options_fifo.allow_compaction: 0
2021/09/27-10:50:11.667676 7f69570b6c80                   Options.table_properties_collectors: 
2021/09/27-10:50:11.667679 7f69570b6c80                   Options.inplace_update_support: 0
2021/09/27-10:50:11.667682 7f69570b6c80                 Options.inplace_update_num_locks: 10000
2021/09/27-10:50:11.667706 7f69570b6c80               Options.memtable_prefix_bloom_size_ratio: 0.000000
2021/09/27-10:50:11.667711 7f69570b6c80               Options.memtable_whole_key_filtering: 0
2021/09/27-10:50:11.667715 7f69570b6c80   Options.memtable_huge_page_size: 0
2021/09/27-10:50:11.667718 7f69570b6c80                           Options.bloom_locality: 0
2021/09/27-10:50:11.667721 7f69570b6c80                    Options.max_successive_merges: 0
2021/09/27-10:50:11.667724 7f69570b6c80                Options.optimize_filters_for_hits: 0
2021/09/27-10:50:11.667727 7f69570b6c80                Options.paranoid_file_checks: 0
2021/09/27-10:50:11.667731 7f69570b6c80                Options.force_consistency_checks: 1
2021/09/27-10:50:11.667734 7f69570b6c80                Options.report_bg_io_stats: 0
2021/09/27-10:50:11.667737 7f69570b6c80                               Options.ttl: 2592000
2021/09/27-10:50:11.667740 7f69570b6c80          Options.periodic_compaction_seconds: 0
2021/09/27-10:50:11.667743 7f69570b6c80                    Options.enable_blob_files: false
2021/09/27-10:50:11.667747 7f69570b6c80                        Options.min_blob_size: 0
2021/09/27-10:50:11.667750 7f69570b6c80                       Options.blob_file_size: 268435456
2021/09/27-10:50:11.667753 7f69570b6c80                Options.blob_compression_type: NoCompression
2021/09/27-10:50:11.667757 7f69570b6c80       Options.enable_blob_garbage_collection: false
2021/09/27-10:50:11.667760 7f69570b6c80   Options.blob_garbage_collection_age_cutoff: 0.250000
2021/09/27-10:50:11.669530 7f69570b6c80 [db/version_set.cc:4805] Recovered from manifest file:test-ledger/rocksdb/MANIFEST-000001 succeeded,manifest_file_number is 1, next_file_number is 3, last_sequence is 0, log_number is 0,prev_log_number is 0,max_column_family is 0,min_log_number_to_keep is 0
2021/09/27-10:50:11.669549 7f69570b6c80 [db/version_set.cc:4814] Column family [default] (ID 0), log number is 0
2021/09/27-10:50:11.669727 7f69570b6c80 [db/version_set.cc:4111] Creating manifest 3
2021/09/27-10:50:11.793046 7f69570b6c80 [db/column_family.cc:597] --------------- Options for column family [meta]:
2021/09/27-10:50:11.793088 7f69570b6c80               Options.comparator: leveldb.BytewiseComparator
2021/09/27-10:50:11.793094 7f69570b6c80           Options.merge_operator: None
2021/09/27-10:50:11.793097 7f69570b6c80        Options.compaction_filter: None
2021/09/27-10:50:11.793102 7f69570b6c80        Options.compaction_filter_factory: purged_slot_filter_factory(meta)
2021/09/27-10:50:11.793105 7f69570b6c80  Options.sst_partitioner_factory: None
2021/09/27-10:50:11.793109 7f69570b6c80         Options.memtable_factory: SkipListFactory
2021/09/27-10:50:11.793112 7f69570b6c80            Options.table_factory: BlockBasedTable
2021/09/27-10:50:11.793183 7f69570b6c80            table_factory options:   flush_block_policy_factory: FlushBlockBySizePolicyFactory (0x5571548120b0)
  cache_index_and_filter_blocks: 0
  cache_index_and_filter_blocks_with_high_priority: 1
  pin_l0_filter_and_index_blocks_in_cache: 0
  pin_top_level_index_and_filter: 1
  index_type: 0
  data_block_index_type: 0
  index_shortening: 1
  data_block_hash_table_util_ratio: 0.750000
  hash_index_allow_collision: 1
  checksum: 1
  no_block_cache: 0
  block_cache: 0x557154813b00
  block_cache_name: LRUCache
  block_cache_options:
    capacity : 8388608
    num_shard_bits : 4
    strict_capacity_limit : 0
    memory_allocator : None
    high_pri_pool_ratio: 0.000
  block_cache_compressed: (nil)
  persistent_cache: (nil)
  block_size: 4096
  block_size_deviation: 10
  block_restart_interval: 16
  index_block_restart_interval: 1
  metadata_block_size: 4096
  partition_filters: 0
  use_delta_encoding: 1
  filter_policy: nullptr
  whole_key_filtering: 1
  verify_compression: 0
  read_amp_bytes_per_bit: 0
  format_version: 4
  enable_index_compression: 1
  block_align: 0
2021/09/27-10:50:11.793187 7f69570b6c80        Options.write_buffer_size: 268435456
2021/09/27-10:50:11.793191 7f69570b6c80  Options.max_write_buffer_number: 8
2021/09/27-10:50:11.793195 7f69570b6c80          Options.compression: NoCompression
2021/09/27-10:50:11.793198 7f69570b6c80                  Options.bottommost_compression: Disabled
2021/09/27-10:50:11.793202 7f69570b6c80       Options.prefix_extractor: nullptr
2021/09/27-10:50:11.793205 7f69570b6c80   Options.memtable_insert_with_hint_prefix_extractor: nullptr
2021/09/27-10:50:11.793208 7f69570b6c80             Options.num_levels: 7
2021/09/27-10:50:11.793212 7f69570b6c80        Options.min_write_buffer_number_to_merge: 1
2021/09/27-10:50:11.793215 7f69570b6c80     Options.max_write_buffer_number_to_maintain: 0
2021/09/27-10:50:11.793218 7f69570b6c80     Options.max_write_buffer_size_to_maintain: 0
2021/09/27-10:50:11.793222 7f69570b6c80            Options.bottommost_compression_opts.window_bits: -14
2021/09/27-10:50:11.793225 7f69570b6c80                  Options.bottommost_compression_opts.level: 32767
2021/09/27-10:50:11.793229 7f69570b6c80               Options.bottommost_compression_opts.strategy: 0
2021/09/27-10:50:11.793232 7f69570b6c80         Options.bottommost_compression_opts.max_dict_bytes: 0
2021/09/27-10:50:11.793235 7f69570b6c80         Options.bottommost_compression_opts.zstd_max_train_bytes: 0
2021/09/27-10:50:11.793239 7f69570b6c80         Options.bottommost_compression_opts.parallel_threads: 1
2021/09/27-10:50:11.793242 7f69570b6c80                  Options.bottommost_compression_opts.enabled: false
2021/09/27-10:50:11.793245 7f69570b6c80            Options.compression_opts.window_bits: -14
2021/09/27-10:50:11.793249 7f69570b6c80                  Options.compression_opts.level: 32767
2021/09/27-10:50:11.793252 7f69570b6c80               Options.compression_opts.strategy: 0
2021/09/27-10:50:11.793255 7f69570b6c80         Options.compression_opts.max_dict_bytes: 0
2021/09/27-10:50:11.793258 7f69570b6c80         Options.compression_opts.zstd_max_train_bytes: 0
2021/09/27-10:50:11.793262 7f69570b6c80         Options.compression_opts.parallel_threads: 1
2021/09/27-10:50:11.793265 7f69570b6c80                  Options.compression_opts.enabled: false
2021/09/27-10:50:11.793345 7f69570b6c80      Options.level0_file_num_compaction_trigger: 4
2021/09/27-10:50:11.793350 7f69570b6c80          Options.level0_slowdown_writes_trigger: 20
2021/09/27-10:50:11.793354 7f69570b6c80              Options.level0_stop_writes_trigger: 36
2021/09/27-10:50:11.793357 7f69570b6c80                   Options.target_file_size_base: 107374182
2021/09/27-10:50:11.793360 7f69570b6c80             Options.target_file_size_multiplier: 1
2021/09/27-10:50:11.793363 7f69570b6c80                Options.max_bytes_for_level_base: 1073741824
2021/09/27-10:50:11.793367 7f69570b6c80 Options.level_compaction_dynamic_level_bytes: 0
2021/09/27-10:50:11.793370 7f69570b6c80          Options.max_bytes_for_level_multiplier: 10.000000
2021/09/27-10:50:11.793377 7f69570b6c80 Options.max_bytes_for_level_multiplier_addtl[0]: 1
2021/09/27-10:50:11.793381 7f69570b6c80 Options.max_bytes_for_level_multiplier_addtl[1]: 1
2021/09/27-10:50:11.793385 7f69570b6c80 Options.max_bytes_for_level_multiplier_addtl[2]: 1
2021/09/27-10:50:11.793388 7f69570b6c80 Options.max_bytes_for_level_multiplier_addtl[3]: 1
2021/09/27-10:50:11.793391 7f69570b6c80 Options.max_bytes_for_level_multiplier_addtl[4]: 1
2021/09/27-10:50:11.793395 7f69570b6c80 Options.max_bytes_for_level_multiplier_addtl[5]: 1
2021/09/27-10:50:11.793398 7f69570b6c80 Options.max_bytes_for_level_multiplier_addtl[6]: 1
2021/09/27-10:50:11.793401 7f69570b6c80       Options.max_sequential_skip_in_iterations: 8
2021/09/27-10:50:11.793404 7f69570b6c80                    Options.max_compaction_bytes: 2684354550
2021/09/27-10:50:11.793408 7f69570b6c80                        Options.arena_block_size: 33554432
2021/09/27-10:50:11.793411 7f69570b6c80   Options.soft_pending_compaction_bytes_limit: 68719476736
2021/09/27-10:50:11.793414 7f69570b6c80   Options.hard_pending_compaction_bytes_limit: 274877906944
2021/09/27-10:50:11.793418 7f69570b6c80       Options.rate_limit_delay_max_milliseconds: 100
2021/09/27-10:50:11.793421 7f69570b6c80                Options.disable_auto_compactions: 0
2021/09/27-10:50:11.793426 7f69570b6c80                        Options.compaction_style: kCompactionStyleLevel
2021/09/27-10:50:11.793431 7f69570b6c80                          Options.compaction_pri: kMinOverlappingRatio
2021/09/27-10:50:11.793434 7f69570b6c80 Options.compaction_options_universal.size_ratio: 1
2021/09/27-10:50:11.793437 7f69570b6c80 Options.compaction_options_universal.min_merge_width: 2
2021/09/27-10:50:11.793440 7f69570b6c80 Options.compaction_options_universal.max_merge_width: 4294967295
2021/09/27-10:50:11.793444 7f69570b6c80 Options.compaction_options_universal.max_size_amplification_percent: 200
2021/09/27-10:50:11.793447 7f69570b6c80 Options.compaction_options_universal.compression_size_percent: -1
2021/09/27-10:50:11.793451 7f69570b6c80 Options.compaction_options_universal.stop_style: kCompactionStopStyleTotalSize
2021/09/27-10:50:11.793455 7f69570b6c80 Options.compaction_options_fifo.max_table_files_size: 1073741824
2021/09/27-10:50:11.793458 7f69570b6c80 Options.compaction_options_fifo.allow_compaction: 0
2021/09/27-10:50:11.793475 7f69570b6c80                   Options.table_properties_collectors: 
2021/09/27-10:50:11.793479 7f69570b6c80                   Options.inplace_update_support: 0
2021/09/27-10:50:11.793482 7f69570b6c80                 Options.inplace_update_num_locks: 10000
2021/09/27-10:50:11.793485 7f69570b6c80               Options.memtable_prefix_bloom_size_ratio: 0.000000
2021/09/27-10:50:11.793490 7f69570b6c80               Options.memtable_whole_key_filtering: 0
2021/09/27-10:50:11.793493 7f69570b6c80   Options.memtable_huge_page_size: 0
2021/09/27-10:50:11.793496 7f69570b6c80                           Options.bloom_locality: 0
2021/09/27-10:50:11.793499 7f69570b6c80                    Options.max_successive_merges: 0
2021/09/27-10:50:11.793502 7f69570b6c80                Options.optimize_filters_for_hits: 0
2021/09/27-10:50:11.793506 7f69570b6c80                Options.paranoid_file_checks: 0
2021/09/27-10:50:11.793509 7f69570b6c80                Options.force_consistency_checks: 1
2021/09/27-10:50:11.793537 7f69570b6c80                Options.report_bg_io_stats: 0
2021/09/27-10:50:11.793541 7f69570b6c80                               Options.ttl: 2592000
2021/09/27-10:50:11.793545 7f69570b6c80          Options.periodic_compaction_seconds: 2592000
2021/09/27-10:50:11.793548 7f69570b6c80                    Options.enable_blob_files: false
2021/09/27-10:50:11.793551 7f69570b6c80                        Options.min_blob_size: 0
2021/09/27-10:50:11.793554 7f69570b6c80                       Options.blob_file_size: 268435456
2021/09/27-10:50:11.793558 7f69570b6c80                Options.blob_compression_type: NoCompression
2021/09/27-10:50:11.793561 7f69570b6c80       Options.enable_blob_garbage_collection: false
2021/09/27-10:50:11.793565 7f69570b6c80   Options.blob_garbage_collection_age_cutoff: 0.250000
2021/09/27-10:50:11.793683 7f69570b6c80 [db/db_impl/db_impl.cc:2658] Created column family [meta] (ID 1)
2021/09/27-10:50:11.868517 7f69570b6c80 [db/column_family.cc:597] --------------- Options for column family [dead_slots]:
2021/09/27-10:50:11.868533 7f69570b6c80               Options.comparator: leveldb.BytewiseComparator
2021/09/27-10:50:11.868537 7f69570b6c80           Options.merge_operator: None
2021/09/27-10:50:11.868540 7f69570b6c80        Options.compaction_filter: None
2021/09/27-10:50:11.868544 7f69570b6c80        Options.compaction_filter_factory: purged_slot_filter_factory(dead_slots)
2021/09/27-10:50:11.868546 7f69570b6c80  Options.sst_partitioner_factory: None
2021/09/27-10:50:11.868549 7f69570b6c80         Options.memtable_factory: SkipListFactory
2021/09/27-10:50:11.868551 7f69570b6c80            Options.table_factory: BlockBasedTable
2021/09/27-10:50:11.868596 7f69570b6c80            table_factory options:   flush_block_policy_factory: FlushBlockBySizePolicyFactory (0x557154815cf0)
  cache_index_and_filter_blocks: 0
  cache_index_and_filter_blocks_with_high_priority: 1
  pin_l0_filter_and_index_blocks_in_cache: 0
  pin_top_level_index_and_filter: 1
  index_type: 0
  data_block_index_type: 0
  index_shortening: 1
  data_block_hash_table_util_ratio: 0.750000
  hash_index_allow_collision: 1
  checksum: 1
  no_block_cache: 0
  block_cache: 0x557154815d40
  block_cache_name: LRUCache
  block_cache_options:
    capacity : 8388608
    num_shard_bits : 4
    strict_capacity_limit : 0
    memory_allocator : None
    high_pri_pool_ratio: 0.000
  block_cache_compressed: (nil)
  persistent_cache: (nil)
  block_size: 4096
  block_size_deviation: 10
  block_restart_interval: 16
  index_block_restart_interval: 1
  metadata_block_size: 4096
  partition_filters: 0
  use_delta_encoding: 1
  filter_policy: nullptr
  whole_key_filtering: 1
  verify_compression: 0
  read_amp_bytes_per_bit: 0
  format_version: 4
  enable_index_compression: 1
  block_align: 0
2021/09/27-10:50:11.868600 7f69570b6c80        Options.write_buffer_size: 268435456
2021/09/27-10:50:11.868603 7f69570b6c80  Options.max_write_buffer_number: 8
2021/09/27-10:50:11.868605 7f69570b6c80          Options.compression: NoCompression
2021/09/27-10:50:11.868607 7f69570b6c80                  Options.bottommost_compression: Disabled
2021/09/27-10:50:11.868610 7f69570b6c80       Options.prefix_extractor: nullptr
2021/09/27-10:50:11.868613 7f69570b6c80   Options.memtable_insert_with_hint_prefix_extractor: nullptr
2021/09/27-10:50:11.868615 7f69570b6c80             Options.num_levels: 7
2021/09/27-10:50:11.868618 7f69570b6c80        Options.min_write_buffer_number_to_merge: 1
2021/09/27-10:50:11.868620 7f69570b6c80     Options.max_write_buffer_number_to_maintain: 0
2021/09/27-10:50:11.868623 7f69570b6c80     Options.max_write_buffer_size_to_maintain: 0
2021/09/27-10:50:11.868625 7f69570b6c80            Options.bottommost_compression_opts.window_bits: -14
2021/09/27-10:50:11.868628 7f69570b6c80                  Options.bottommost_compression_opts.level: 32767
2021/09/27-10:50:11.868630 7f69570b6c80               Options.bottommost_compression_opts.strategy: 0
2021/09/27-10:50:11.868632 7f69570b6c80         Options.bottommost_compression_opts.max_dict_bytes: 0
2021/09/27-10:50:11.868634 7f69570b6c80         Options.bottommost_compression_opts.zstd_max_train_bytes: 0
2021/09/27-10:50:11.868647 7f69570b6c80         Options.bottommost_compression_opts.parallel_threads: 1
2021/09/27-10:50:11.868649 7f69570b6c80                  Options.bottommost_compression_opts.enabled: false
2021/09/27-10:50:11.868652 7f69570b6c80            Options.compression_opts.window_bits: -14
2021/09/27-10:50:11.868654 7f69570b6c80                  Options.compression_opts.level: 32767
2021/09/27-10:50:11.868656 7f69570b6c80               Options.compression_opts.strategy: 0
2021/09/27-10:50:11.868659 7f69570b6c80         Options.compression_opts.max_dict_bytes: 0
2021/09/27-10:50:11.868661 7f69570b6c80         Options.compression_opts.zstd_max_train_bytes: 0
2021/09/27-10:50:11.868664 7f69570b6c80         Options.compression_opts.parallel_threads: 1
2021/09/27-10:50:11.868666 7f69570b6c80                  Options.compression_opts.enabled: false
2021/09/27-10:50:11.868696 7f69570b6c80      Options.level0_file_num_compaction_trigger: 4
2021/09/27-10:50:11.868700 7f69570b6c80          Options.level0_slowdown_writes_trigger: 20
2021/09/27-10:50:11.868703 7f69570b6c80              Options.level0_stop_writes_trigger: 36
2021/09/27-10:50:11.868705 7f69570b6c80                   Options.target_file_size_base: 107374182
2021/09/27-10:50:11.868708 7f69570b6c80             Options.target_file_size_multiplier: 1
2021/09/27-10:50:11.868710 7f69570b6c80                Options.max_bytes_for_level_base: 1073741824
2021/09/27-10:50:11.868712 7f69570b6c80 Options.level_compaction_dynamic_level_bytes: 0
2021/09/27-10:50:11.868715 7f69570b6c80          Options.max_bytes_for_level_multiplier: 10.000000
2021/09/27-10:50:11.868720 7f69570b6c80 Options.max_bytes_for_level_multiplier_addtl[0]: 1
2021/09/27-10:50:11.868722 7f69570b6c80 Options.max_bytes_for_level_multiplier_addtl[1]: 1
2021/09/27-10:50:11.868725 7f69570b6c80 Options.max_bytes_for_level_multiplier_addtl[2]: 1
2021/09/27-10:50:11.868727 7f69570b6c80 Options.max_bytes_for_level_multiplier_addtl[3]: 1
2021/09/27-10:50:11.868730 7f69570b6c80 Options.max_bytes_for_level_multiplier_addtl[4]: 1
2021/09/27-10:50:11.868732 7f69570b6c80 Options.max_bytes_for_level_multiplier_addtl[5]: 1
2021/09/27-10:50:11.868735 7f69570b6c80 Options.max_bytes_for_level_multiplier_addtl[6]: 1
2021/09/27-10:50:11.868737 7f69570b6c80       Options.max_sequential_skip_in_iterations: 8
2021/09/27-10:50:11.868740 7f69570b6c80                    Options.max_compaction_bytes: 2684354550
2021/09/27-10:50:11.868742 7f69570b6c80                        Options.arena_block_size: 33554432
2021/09/27-10:50:11.868745 7f69570b6c80   Options.soft_pending_compaction_bytes_limit: 68719476736
2021/09/27-10:50:11.868747 7f69570b6c80   Options.hard_pending_compaction_bytes_limit: 274877906944
2021/09/27-10:50:11.868750 7f69570b6c80       Options.rate_limit_delay_max_milliseconds: 100
2021/09/27-10:50:11.868753 7f69570b6c80                Options.disable_auto_compactions: 0
2021/09/27-10:50:11.868756 7f69570b6c80                        Options.compaction_style: kCompactionStyleLevel
2021/09/27-10:50:11.868760 7f69570b6c80                          Options.compaction_pri: kMinOverlappingRatio
2021/09/27-10:50:11.868762 7f69570b6c80 Options.compaction_options_universal.size_ratio: 1
2021/09/27-10:50:11.868765 7f69570b6c80 Options.compaction_options_universal.min_merge_width: 2
2021/09/27-10:50:11.868768 7f69570b6c80 Options.compaction_options_universal.max_merge_width: 4294967295
2021/09/27-10:50:11.868770 7f69570b6c80 Options.compaction_options_universal.max_size_amplification_percent: 200
2021/09/27-10:50:11.868773 7f69570b6c80 Options.compaction_options_universal.compression_size_percent: -1
2021/09/27-10:50:11.868776 7f69570b6c80 Options.compaction_options_universal.stop_style: kCompactionStopStyleTotalSize
2021/09/27-10:50:11.868779 7f69570b6c80 Options.compaction_options_fifo.max_table_files_size: 1073741824
2021/09/27-10:50:11.868781 7f69570b6c80 Options.compaction_options_fifo.allow_compaction: 0
2021/09/27-10:50:11.868791 7f69570b6c80                   Options.table_properties_collectors: 
2021/09/27-10:50:11.868794 7f69570b6c80                   Options.inplace_update_support: 0
2021/09/27-10:50:11.868796 7f69570b6c80                 Options.inplace_update_num_locks: 10000
2021/09/27-10:50:11.868799 7f69570b6c80               Options.memtable_prefix_bloom_size_ratio: 0.000000
2021/09/27-10:50:11.868802 7f69570b6c80               Options.memtable_whole_key_filtering: 0
2021/09/27-10:50:11.868805 7f69570b6c80   Options.memtable_huge_page_size: 0
2021/09/27-10:50:11.868808 7f69570b6c80                           Options.bloom_locality: 0
2021/09/27-10:50:11.868810 7f69570b6c80                    Options.max_successive_merges: 0
2021/09/27-10:50:11.868812 7f69570b6c80                Options.optimize_filters_for_hits: 0
2021/09/27-10:50:11.868815 7f69570b6c80                Options.paranoid_file_checks: 0
2021/09/27-10:50:11.868817 7f69570b6c80                Options.force_consistency_checks: 1
2021/09/27-10:50:11.868839 7f69570b6c80                Options.report_bg_io_stats: 0
2021/09/27-10:50:11.868843 7f69570b6c80                               Options.ttl: 2592000
2021/09/27-10:50:11.868846 7f69570b6c80          Options.periodic_compaction_seconds: 2592000
2021/09/27-10:50:11.868849 7f69570b6c80                    Options.enable_blob_files: false
2021/09/27-10:50:11.868851 7f69570b6c80                        Options.min_blob_size: 0
2021/09/27-10:50:11.868854 7f69570b6c80                       Options.blob_file_size: 268435456
2021/09/27-10:50:11.868857 7f69570b6c80                Options.blob_compression_type: NoCompression
2021/09/27-10:50:11.868860 7f69570b6c80       Options.enable_blob_garbage_collection: false
2021/09/27-10:50:11.868863 7f69570b6c80   Options.blob_garbage_collection_age_cutoff: 0.250000
2021/09/27-10:50:11.868910 7f69570b6c80 [db/db_impl/db_impl.cc:2658] Created column family [dead_slots] (ID 2)
2021/09/27-10:50:11.944163 7f69570b6c80 [db/column_family.cc:597] --------------- Options for column family [duplicate_slots]:
2021/09/27-10:50:11.944207 7f69570b6c80               Options.comparator: leveldb.BytewiseComparator
2021/09/27-10:50:11.944214 7f69570b6c80           Options.merge_operator: None
2021/09/27-10:50:11.944218 7f69570b6c80        Options.compaction_filter: None
2021/09/27-10:50:11.944223 7f69570b6c80        Options.compaction_filter_factory: purged_slot_filter_factory(duplicate_slots)
2021/09/27-10:50:11.944228 7f69570b6c80  Options.sst_partitioner_factory: None
2021/09/27-10:50:11.944231 7f69570b6c80         Options.memtable_factory: SkipListFactory
2021/09/27-10:50:11.944235 7f69570b6c80            Options.table_factory: BlockBasedTable
2021/09/27-10:50:11.944318 7f69570b6c80            table_factory options:   flush_block_policy_factory: FlushBlockBySizePolicyFactory (0x557154817f50)
  cache_index_and_filter_blocks: 0
  cache_index_and_filter_blocks_with_high_priority: 1
  pin_l0_filter_and_index_blocks_in_cache: 0
  pin_top_level_index_and_filter: 1
  index_type: 0
  data_block_index_type: 0
  index_shortening: 1
  data_block_hash_table_util_ratio: 0.750000
  hash_index_allow_collision: 1
  checksum: 1
  no_block_cache: 0
  block_cache: 0x557154817fa0
  block_cache_name: LRUCache
  block_cache_options:
    capacity : 8388608
    num_shard_bits : 4
    strict_capacity_limit : 0
    memory_allocator : None
    high_pri_pool_ratio: 0.000
  block_cache_compressed: (nil)
  persistent_cache: (nil)
  block_size: 4096
  block_size_deviation: 10
  block_restart_interval: 16
  index_block_restart_interval: 1
  metadata_block_size: 4096
  partition_filters: 0
  use_delta_encoding: 1
  filter_policy: nullptr
  whole_key_filtering: 1
  verify_compression: 0
  read_amp_bytes_per_bit: 0
  format_version: 4
  enable_index_compression: 1
  block_align: 0
2021/09/27-10:50:11.944325 7f69570b6c80        Options.write_buffer_size: 268435456
2021/09/27-10:50:11.944330 7f69570b6c80  Options.max_write_buffer_number: 8
2021/09/27-10:50:11.944335 7f69570b6c80          Options.compression: NoCompression
2021/09/27-10:50:11.944339 7f69570b6c80                  Options.bottommost_compression: Disabled
2021/09/27-10:50:11.944343 7f69570b6c80       Options.prefix_extractor: nullptr
2021/09/27-10:50:11.944348 7f69570b6c80   Options.memtable_insert_with_hint_prefix_extractor: nullptr
2021/09/27-10:50:11.944352 7f69570b6c80             Options.num_levels: 7
2021/09/27-10:50:11.944356 7f69570b6c80        Options.min_write_buffer_number_to_merge: 1
2021/09/27-10:50:11.944360 7f69570b6c80     Options.max_write_buffer_number_to_maintain: 0
2021/09/27-10:50:11.944364 7f69570b6c80     Options.max_write_buffer_size_to_maintain: 0
2021/09/27-10:50:11.944368 7f69570b6c80            Options.bottommost_compression_opts.window_bits: -14
2021/09/27-10:50:11.944371 7f69570b6c80                  Options.bottommost_compression_opts.level: 32767
